image_width: 640
image_height: 480
camera_name: narrow_stereo
camera_matrix:
  rows: 3
  cols: 3
  data: [637.784782, 0.000000, 312.201600, 0.000000, 636.765109, 271.220470, 0.000000, 0.000000, 1.000000]
distortion_model: plumb_bob
distortion_coefficients:
  rows: 1
  cols: 5
  data: [0.120080, -0.347343, 0.006148, -0.002905, 0.000000]
rectification_matrix:
  rows: 3
  cols: 3
  data: [1.000000, 0.000000, 0.000000, 0.000000, 1.000000, 0.000000, 0.000000, 0.000000, 1.000000]
projection_matrix:
  rows: 3
  cols: 4
  data: [643.348206, 0.000000, 310.508568, 0.000000, 0.000000, 643.196045, 273.174537, 0.000000, 0.000000, 0.000000, 1.000000, 0.000000]
